Biseccion

{"funcion": "log(sin(x)**2 + 1) - (1/2)", "a": 0.0, "b": 1.0, "tol": 1e-07, "max_iter": 100}

     n        xn                  f(xn)             e
0    0  0.500000     -0.293108726731377  1.000000e+02
1    1  0.750000     -0.118396393853478  2.500000e-01
2    2  0.875000    -0.0368176907573804  1.250000e-01
3    3  0.937500   0.000633916159238690  6.250000e-02
4    4  0.906250    -0.0177722892268611  3.125000e-02
5    5  0.921875   -0.00848658221176801  1.562500e-02
6    6  0.929688   -0.00390535862706409  7.812500e-03
7    7  0.933594   -0.00163043811700969  3.906250e-03
8    8  0.935547  -0.000496935315319524  1.953125e-03
9    9  0.936523    6.88224449626462e-5  9.765625e-04
10  10  0.936035  -0.000213973505164056  4.882812e-04
11  11  0.936279   -7.25547881205157e-5  2.441406e-04
12  12  0.936401   -1.86098490007058e-6  1.220703e-04
13  13  0.936462    3.34820268488301e-5  6.103516e-05
14  14  0.936432    1.58108451603356e-5  3.051758e-05
15  15  0.936417    6.97501117419286e-6  1.525879e-05
16  16  0.936409    2.55703339768765e-6  7.629395e-06
17  17  0.936405    3.48029313923526e-7  3.814697e-06
18  18  0.936403   -7.56476526753147e-7  1.907349e-06
19  19  0.936404   -2.04223289890226e-7  9.536743e-07
20  20  0.936405    7.19030912588181e-8  4.768372e-07
21  21  0.936404   -6.61600794704675e-8  2.384186e-07
22  22  0.936405    2.87151080691217e-9  1.192093e-07
23  23  0.936405   -3.16442830827768e-8  5.960464e-08


Biseccion

{"funcion": "log(sin(x)**2 + 1) - (1/2)", "a": 0.0, "b": 1.0, "tol": 1e-07, "max_iter": 100}

     n        xn                  f(xn)             e
0    0  0.500000     -0.293108726731377  1.000000e+02
1    1  0.750000     -0.118396393853478  2.500000e-01
2    2  0.875000    -0.0368176907573804  1.250000e-01
3    3  0.937500   0.000633916159238690  6.250000e-02
4    4  0.906250    -0.0177722892268611  3.125000e-02
5    5  0.921875   -0.00848658221176801  1.562500e-02
6    6  0.929688   -0.00390535862706409  7.812500e-03
7    7  0.933594   -0.00163043811700969  3.906250e-03
8    8  0.935547  -0.000496935315319524  1.953125e-03
9    9  0.936523    6.88224449626462e-5  9.765625e-04
10  10  0.936035  -0.000213973505164056  4.882812e-04
11  11  0.936279   -7.25547881205157e-5  2.441406e-04
12  12  0.936401   -1.86098490007058e-6  1.220703e-04
13  13  0.936462    3.34820268488301e-5  6.103516e-05
14  14  0.936432    1.58108451603356e-5  3.051758e-05
15  15  0.936417    6.97501117419286e-6  1.525879e-05
16  16  0.936409    2.55703339768765e-6  7.629395e-06
17  17  0.936405    3.48029313923526e-7  3.814697e-06
18  18  0.936403   -7.56476526753147e-7  1.907349e-06
19  19  0.936404   -2.04223289890226e-7  9.536743e-07
20  20  0.936405    7.19030912588181e-8  4.768372e-07
21  21  0.936404   -6.61600794704675e-8  2.384186e-07
22  22  0.936405    2.87151080691217e-9  1.192093e-07
23  23  0.936405   -3.16442830827768e-8  5.960464e-08


Biseccion

{"funcion": "log(sin(x)**2 + 1) - (1/2)", "a": 0.0, "b": 1.0, "tol": 1e-07, "max_iter": 100}

     n        xn                  f(xn)             e
0    0  0.500000     -0.293108726731377  1.000000e+02
1    1  0.750000     -0.118396393853478  2.500000e-01
2    2  0.875000    -0.0368176907573804  1.250000e-01
3    3  0.937500   0.000633916159238690  6.250000e-02
4    4  0.906250    -0.0177722892268611  3.125000e-02
5    5  0.921875   -0.00848658221176801  1.562500e-02
6    6  0.929688   -0.00390535862706409  7.812500e-03
7    7  0.933594   -0.00163043811700969  3.906250e-03
8    8  0.935547  -0.000496935315319524  1.953125e-03
9    9  0.936523    6.88224449626462e-5  9.765625e-04
10  10  0.936035  -0.000213973505164056  4.882812e-04
11  11  0.936279   -7.25547881205157e-5  2.441406e-04
12  12  0.936401   -1.86098490007058e-6  1.220703e-04
13  13  0.936462    3.34820268488301e-5  6.103516e-05
14  14  0.936432    1.58108451603356e-5  3.051758e-05
15  15  0.936417    6.97501117419286e-6  1.525879e-05
16  16  0.936409    2.55703339768765e-6  7.629395e-06
17  17  0.936405    3.48029313923526e-7  3.814697e-06
18  18  0.936403   -7.56476526753147e-7  1.907349e-06
19  19  0.936404   -2.04223289890226e-7  9.536743e-07
20  20  0.936405    7.19030912588181e-8  4.768372e-07
21  21  0.936404   -6.61600794704675e-8  2.384186e-07
22  22  0.936405    2.87151080691217e-9  1.192093e-07
23  23  0.936405   -3.16442830827768e-8  5.960464e-08


Biseccion

{"funcion": "log(sin(x)**2 + 1) - (1/2)", "a": 0.0, "b": 1.0, "tol": 1e-07, "max_iter": 100}

     n        xn                  f(xn)             e
0    0  0.500000     -0.293108726731377  1.000000e+02
1    1  0.750000     -0.118396393853478  2.500000e-01
2    2  0.875000    -0.0368176907573804  1.250000e-01
3    3  0.937500   0.000633916159238690  6.250000e-02
4    4  0.906250    -0.0177722892268611  3.125000e-02
5    5  0.921875   -0.00848658221176801  1.562500e-02
6    6  0.929688   -0.00390535862706409  7.812500e-03
7    7  0.933594   -0.00163043811700969  3.906250e-03
8    8  0.935547  -0.000496935315319524  1.953125e-03
9    9  0.936523    6.88224449626462e-5  9.765625e-04
10  10  0.936035  -0.000213973505164056  4.882812e-04
11  11  0.936279   -7.25547881205157e-5  2.441406e-04
12  12  0.936401   -1.86098490007058e-6  1.220703e-04
13  13  0.936462    3.34820268488301e-5  6.103516e-05
14  14  0.936432    1.58108451603356e-5  3.051758e-05
15  15  0.936417    6.97501117419286e-6  1.525879e-05
16  16  0.936409    2.55703339768765e-6  7.629395e-06
17  17  0.936405    3.48029313923526e-7  3.814697e-06
18  18  0.936403   -7.56476526753147e-7  1.907349e-06
19  19  0.936404   -2.04223289890226e-7  9.536743e-07
20  20  0.936405    7.19030912588181e-8  4.768372e-07
21  21  0.936404   -6.61600794704675e-8  2.384186e-07
22  22  0.936405    2.87151080691217e-9  1.192093e-07
23  23  0.936405   -3.16442830827768e-8  5.960464e-08


Biseccion

{"funcion": "log(sin(x)**2 + 1) - (1/2)", "a": 0.0, "b": 1.0, "tol": 1e-07, "max_iter": 100}

     n        xn                  f(xn)             e
0    0  0.500000     -0.293108726731377  1.000000e+02
1    1  0.750000     -0.118396393853478  2.500000e-01
2    2  0.875000    -0.0368176907573804  1.250000e-01
3    3  0.937500   0.000633916159238690  6.250000e-02
4    4  0.906250    -0.0177722892268611  3.125000e-02
5    5  0.921875   -0.00848658221176801  1.562500e-02
6    6  0.929688   -0.00390535862706409  7.812500e-03
7    7  0.933594   -0.00163043811700969  3.906250e-03
8    8  0.935547  -0.000496935315319524  1.953125e-03
9    9  0.936523    6.88224449626462e-5  9.765625e-04
10  10  0.936035  -0.000213973505164056  4.882812e-04
11  11  0.936279   -7.25547881205157e-5  2.441406e-04
12  12  0.936401   -1.86098490007058e-6  1.220703e-04
13  13  0.936462    3.34820268488301e-5  6.103516e-05
14  14  0.936432    1.58108451603356e-5  3.051758e-05
15  15  0.936417    6.97501117419286e-6  1.525879e-05
16  16  0.936409    2.55703339768765e-6  7.629395e-06
17  17  0.936405    3.48029313923526e-7  3.814697e-06
18  18  0.936403   -7.56476526753147e-7  1.907349e-06
19  19  0.936404   -2.04223289890226e-7  9.536743e-07
20  20  0.936405    7.19030912588181e-8  4.768372e-07
21  21  0.936404   -6.61600794704675e-8  2.384186e-07
22  22  0.936405    2.87151080691217e-9  1.192093e-07
23  23  0.936405   -3.16442830827768e-8  5.960464e-08


Regla Falsa

{"funcion": "exp(x)-x-1", "a": 1.0, "b": 0.0, "tol": 1e-07, "max_iter": 100}

   n   xn     f(xn)    e
0  0  1.0  0.718282  1.0
1  1  0.0  0.000000  1.0
2  1  0.0  0.000000  1.0


Secante

{"funcion": "log(sin(x)**2 + 1) - (1/2)", "x0": 0.5, "x1": 1.0, "tol": 1e-07, "max_iter": 100}

   n        xn         f(xn)             e
0  0  0.500000 -2.931087e-01           NaN
1  1  1.000000  3.536608e-02           NaN
2  2  0.946166  5.619393e-03  5.383378e-02
3  3  0.935997 -2.363222e-04  1.016964e-02
4  4  0.936407  1.402236e-06  4.104216e-04
5  5  0.936405  3.437165e-10  2.420904e-06
6  6  0.936405 -4.996004e-16  5.935581e-10


Newton

{"funcion": "-7*log(x)+x-13", "x0": 1.0, "tol": 1e-07, "max_iter": 100}

   n   xn  f(xn)      e
0  0  1.0  -12.0  100.0
1  1 -1.0    NaN    2.0
2  2  NaN    NaN    NaN


Punto Fijo

{"funcion_f": "log(sin(x)**2 + 1)-(1/2)-x", "funcion_g": "log(sin(x)**2 + 1)-(1/2)", "x0": -0.5, "tol": 1e-07, "max_iter": 100}

     n                  xn                  f(xn)                     e
0    0                -0.5      0.206891273268623                   100
1    1  -0.293108726731377     -0.126712816874881     0.206891273268623
2    2  -0.419821543606257     0.0735170244285923     0.126712816874881
3    3  -0.346304519177665    -0.0446539373646444    0.0735170244285923
4    4  -0.390958456542309     0.0265534216481703    0.0446539373646444
5    5  -0.364405034894139    -0.0160212682738171    0.0265534216481703
6    6  -0.380426303167956    0.00958950788774740    0.0160212682738171
7    7  -0.370836795280209   -0.00576885008337236   0.00958950788774743
8    8  -0.376605645363581    0.00346022775639221   0.00576885008337236
9    9  -0.373145417607189   -0.00207922357986717   0.00346022775639221
10  10  -0.375224641187056    0.00124805513874654   0.00207922357986717
11  11  -0.373976586048310  -0.000749629660122514   0.00124805513874654
12  12  -0.374726215708432   0.000450082397978224  0.000749629660122486
13  13  -0.374276133310454  -0.000270295147638377  0.000450082397978224
14  14  -0.374546428458092   0.000162302023247574  0.000270295147638377
15  15  -0.374384126434845   -9.74643971103917e-5  0.000162302023247574
16  16  -0.374481590831955    5.85256480580276e-5   9.74643971103917e-5
17  17  -0.374423065183897   -3.51446788087462e-5   5.85256480580276e-5
18  18  -0.374458209862706    2.11040132502283e-5   3.51446788087739e-5
19  19  -0.374437105849456   -1.26728779573926e-5   2.11040132502283e-5
20  20  -0.374449778727413    7.60996421264593e-6   1.26728779574203e-5
21  21  -0.374442168763200   -4.56974200435667e-6   7.60996421267368e-6
22  22  -0.374446738505205    2.74409867945247e-6   4.56974200435667e-6
23  23  -0.374443994406525   -1.64781473827036e-6   2.74409867945247e-6
24  24  -0.374445642221264    9.89501989651087e-7   1.64781473827036e-6
25  25  -0.374444652719274   -5.94189786401467e-7   9.89501989678843e-7
26  26  -0.374445246909060    3.56807159263006e-7   5.94189786373711e-7
27  27  -0.374444890101901   -2.14260452380266e-7   3.56807159263006e-7
28  28  -0.374445104362353    1.28662038245686e-7   2.14260452380266e-7
29  29  -0.374444975700315   -7.72607402499403e-8   1.28662038245686e-7
30  30  -0.374445052961055    4.63945839523916e-8   7.72607402499403e-8


Regla Falsa

{"funcion": "exp(x)-x-1", "a": 1.0, "b": 0.0, "tol": 1e-07, "max_iter": 100}

   n   xn     f(xn)    e
0  0  1.0  0.718282  1.0
1  1  0.0  0.000000  1.0
2  1  0.0  0.000000  1.0


Regla Falsa

{"funcion": "exp(x)-x-1", "a": 1.0, "b": 0.0, "tol": 1e-07, "max_iter": 100}

   n   xn     f(xn)    e
0  0  1.0  0.718282  1.0
1  1  0.0  0.000000  1.0
2  1  0.0  0.000000  1.0


Regla Falsa

{"funcion": "log(sin(x)**2 + 1) - (1/2)", "a": 0.0, "b": 1.0, "tol": 1e-07, "max_iter": 100}

   n        xn         f(xn)             e
0  0  0.000000 -5.000000e-01  1.000000e+00
1  1  1.000000  3.536608e-02  1.000000e+00
2  1  0.933940 -1.429077e-03  1.000000e+00
3  2  0.936506  5.875601e-05  6.605962e-02
4  3  0.936405  8.678254e-08  2.565671e-03
5  4  0.936405  1.281543e-10  1.013209e-04
6  5  0.936405  1.890710e-13  1.496418e-07
7  6  0.936405  4.440892e-16  2.209802e-10


Regla Falsa

{"funcion": "log(sin(x)**2 + 1) - (1/2)", "a": 0.0, "b": 1.0, "tol": 1e-07, "max_iter": 100}

   n        xn         f(xn)             e
0  0  0.000000 -5.000000e-01  1.000000e+00
1  1  1.000000  3.536608e-02  1.000000e+00
2  1  0.933940 -1.429077e-03  1.000000e+00
3  2  0.936506  5.875601e-05  6.605962e-02
4  3  0.936405  8.678254e-08  2.565671e-03
5  4  0.936405  1.281543e-10  1.013209e-04
6  5  0.936405  1.890710e-13  1.496418e-07
7  6  0.936405  4.440892e-16  2.209802e-10


Regla Falsa

{"funcion": "log(sin(x)**2 + 1) - (1/2)", "a": 0.0, "b": 1.0, "tol": 1e-07, "max_iter": 100}

   n        xn         f(xn)             e
0  0  0.000000 -5.000000e-01           NaN
1  1  1.000000  3.536608e-02           NaN
2  2  0.933940 -1.429077e-03  6.605962e-02
3  3  0.936506  5.875601e-05  2.565671e-03
4  4  0.936405  8.678254e-08  1.013209e-04
5  5  0.936405  1.281543e-10  1.496418e-07
6  6  0.936405  1.890710e-13  2.209802e-10


Regla Falsa

{"funcion": "log(sin(x)**2 + 1) - (1/2)", "a": 0.0, "b": 1.0, "tol": 1e-07, "max_iter": 100}

   n        xn         f(xn)             e
0  0  0.000000 -5.000000e-01           NaN
1  1  1.000000  3.536608e-02           NaN
2  2  0.933940 -1.429077e-03  6.605962e-02
3  3  0.936506  5.875601e-05  2.565671e-03
4  4  0.936405  8.678254e-08  1.013209e-04
5  5  0.936405  1.281543e-10  1.496418e-07
6  6  0.936405  1.890710e-13  2.209802e-10


Biseccion

{"funcion": "log(sin(x)**2 + 1) - (1/2)", "a": 0.0, "b": 1.0, "tol": 1e-07, "max_iter": 100}

     n        xn                  f(xn)             e
0    0  0.500000     -0.293108726731377  1.000000e+02
1    1  0.750000     -0.118396393853478  2.500000e-01
2    2  0.875000    -0.0368176907573804  1.250000e-01
3    3  0.937500   0.000633916159238690  6.250000e-02
4    4  0.906250    -0.0177722892268611  3.125000e-02
5    5  0.921875   -0.00848658221176801  1.562500e-02
6    6  0.929688   -0.00390535862706409  7.812500e-03
7    7  0.933594   -0.00163043811700969  3.906250e-03
8    8  0.935547  -0.000496935315319524  1.953125e-03
9    9  0.936523    6.88224449626462e-5  9.765625e-04
10  10  0.936035  -0.000213973505164056  4.882812e-04
11  11  0.936279   -7.25547881205157e-5  2.441406e-04
12  12  0.936401   -1.86098490007058e-6  1.220703e-04
13  13  0.936462    3.34820268488301e-5  6.103516e-05
14  14  0.936432    1.58108451603356e-5  3.051758e-05
15  15  0.936417    6.97501117419286e-6  1.525879e-05
16  16  0.936409    2.55703339768765e-6  7.629395e-06
17  17  0.936405    3.48029313923526e-7  3.814697e-06
18  18  0.936403   -7.56476526753147e-7  1.907349e-06
19  19  0.936404   -2.04223289890226e-7  9.536743e-07
20  20  0.936405    7.19030912588181e-8  4.768372e-07
21  21  0.936404   -6.61600794704675e-8  2.384186e-07
22  22  0.936405    2.87151080691217e-9  1.192093e-07
23  23  0.936405   -3.16442830827768e-8  5.960464e-08


Punto Fijo

{"funcion_f": "log(sin(x)**2 + 1)-(1/2)-x", "funcion_g": "log(sin(x)**2 + 1)-(1/2)", "x0": -0.5, "tol": 1e-07, "max_iter": 100}

     n                  xn                  f(xn)                     e
0    0                -0.5      0.206891273268623                   100
1    1  -0.293108726731377     -0.126712816874881     0.206891273268623
2    2  -0.419821543606257     0.0735170244285923     0.126712816874881
3    3  -0.346304519177665    -0.0446539373646444    0.0735170244285923
4    4  -0.390958456542309     0.0265534216481703    0.0446539373646444
5    5  -0.364405034894139    -0.0160212682738171    0.0265534216481703
6    6  -0.380426303167956    0.00958950788774740    0.0160212682738171
7    7  -0.370836795280209   -0.00576885008337236   0.00958950788774743
8    8  -0.376605645363581    0.00346022775639221   0.00576885008337236
9    9  -0.373145417607189   -0.00207922357986717   0.00346022775639221
10  10  -0.375224641187056    0.00124805513874654   0.00207922357986717
11  11  -0.373976586048310  -0.000749629660122514   0.00124805513874654
12  12  -0.374726215708432   0.000450082397978224  0.000749629660122486
13  13  -0.374276133310454  -0.000270295147638377  0.000450082397978224
14  14  -0.374546428458092   0.000162302023247574  0.000270295147638377
15  15  -0.374384126434845   -9.74643971103917e-5  0.000162302023247574
16  16  -0.374481590831955    5.85256480580276e-5   9.74643971103917e-5
17  17  -0.374423065183897   -3.51446788087462e-5   5.85256480580276e-5
18  18  -0.374458209862706    2.11040132502283e-5   3.51446788087739e-5
19  19  -0.374437105849456   -1.26728779573926e-5   2.11040132502283e-5
20  20  -0.374449778727413    7.60996421264593e-6   1.26728779574203e-5
21  21  -0.374442168763200   -4.56974200435667e-6   7.60996421267368e-6
22  22  -0.374446738505205    2.74409867945247e-6   4.56974200435667e-6
23  23  -0.374443994406525   -1.64781473827036e-6   2.74409867945247e-6
24  24  -0.374445642221264    9.89501989651087e-7   1.64781473827036e-6
25  25  -0.374444652719274   -5.94189786401467e-7   9.89501989678843e-7
26  26  -0.374445246909060    3.56807159263006e-7   5.94189786373711e-7
27  27  -0.374444890101901   -2.14260452380266e-7   3.56807159263006e-7
28  28  -0.374445104362353    1.28662038245686e-7   2.14260452380266e-7
29  29  -0.374444975700315   -7.72607402499403e-8   1.28662038245686e-7
30  30  -0.374445052961055    4.63945839523916e-8   7.72607402499403e-8


Punto Fijo

{"funcion_f": "log(sin(x)**2 + 1)-(1/2)-x", "funcion_g": "log(sin(x)**2 + 1)-(1/2)", "x0": -0.5, "tol": 1e-07, "max_iter": 100}

     n                  xn                  f(xn)                     e
0    0                -0.5      0.206891273268623                  None
1    1  -0.293108726731377     -0.126712816874881     0.206891273268623
2    2  -0.419821543606257     0.0735170244285923     0.126712816874881
3    3  -0.346304519177665    -0.0446539373646444    0.0735170244285923
4    4  -0.390958456542309     0.0265534216481703    0.0446539373646444
5    5  -0.364405034894139    -0.0160212682738171    0.0265534216481703
6    6  -0.380426303167956    0.00958950788774740    0.0160212682738171
7    7  -0.370836795280209   -0.00576885008337236   0.00958950788774743
8    8  -0.376605645363581    0.00346022775639221   0.00576885008337236
9    9  -0.373145417607189   -0.00207922357986717   0.00346022775639221
10  10  -0.375224641187056    0.00124805513874654   0.00207922357986717
11  11  -0.373976586048310  -0.000749629660122514   0.00124805513874654
12  12  -0.374726215708432   0.000450082397978224  0.000749629660122486
13  13  -0.374276133310454  -0.000270295147638377  0.000450082397978224
14  14  -0.374546428458092   0.000162302023247574  0.000270295147638377
15  15  -0.374384126434845   -9.74643971103917e-5  0.000162302023247574
16  16  -0.374481590831955    5.85256480580276e-5   9.74643971103917e-5
17  17  -0.374423065183897   -3.51446788087462e-5   5.85256480580276e-5
18  18  -0.374458209862706    2.11040132502283e-5   3.51446788087739e-5
19  19  -0.374437105849456   -1.26728779573926e-5   2.11040132502283e-5
20  20  -0.374449778727413    7.60996421264593e-6   1.26728779574203e-5
21  21  -0.374442168763200   -4.56974200435667e-6   7.60996421267368e-6
22  22  -0.374446738505205    2.74409867945247e-6   4.56974200435667e-6
23  23  -0.374443994406525   -1.64781473827036e-6   2.74409867945247e-6
24  24  -0.374445642221264    9.89501989651087e-7   1.64781473827036e-6
25  25  -0.374444652719274   -5.94189786401467e-7   9.89501989678843e-7
26  26  -0.374445246909060    3.56807159263006e-7   5.94189786373711e-7
27  27  -0.374444890101901   -2.14260452380266e-7   3.56807159263006e-7
28  28  -0.374445104362353    1.28662038245686e-7   2.14260452380266e-7
29  29  -0.374444975700315   -7.72607402499403e-8   1.28662038245686e-7
30  30  -0.374445052961055    4.63945839523916e-8   7.72607402499403e-8


Newton

{"funcion": "-7*log(x)+x-13", "x0": 1.0, "tol": 1e-07, "max_iter": 100}

   n   xn  f(xn)      e
0  0  1.0  -12.0  100.0
1  1 -1.0    NaN    2.0
2  2  NaN    NaN    NaN


Newton

{"funcion": "log(sin(x)**2 + 1) - (1/2)", "x0": 0.5, "tol": 1e-07, "max_iter": 100}

   n        xn         f(xn)             e
0  0  0.500000 -2.931087e-01  1.000000e+02
1  1  0.928392 -4.662157e-03  4.283920e-01
2  2  0.936367 -2.191262e-05  7.974751e-03
3  3  0.936405 -4.983391e-10  3.783875e-05
4  4  0.936405 -1.110223e-16  8.605719e-10


Secante

{"funcion": "log(sin(x)**2 + 1) - (1/2)", "x0": 0.5, "x1": 1.0, "tol": 1e-07, "max_iter": 100}

   n        xn         f(xn)             e
0  0  0.500000 -2.931087e-01           NaN
1  1  1.000000  3.536608e-02           NaN
2  2  0.946166  5.619393e-03  5.383378e-02
3  3  0.935997 -2.363222e-04  1.016964e-02
4  4  0.936407  1.402236e-06  4.104216e-04
5  5  0.936405  3.437165e-10  2.420904e-06
6  6  0.936405 -4.996004e-16  5.935581e-10


Raices multiples

{"funcion": "exp(x)-x-1", "x0": 1.0, "tol": 1e-07, "max_iter": 100}

   n            xn         f(xn)           e
0  0  1.000000e+00  7.182818e-01  100.000000
1  1 -2.342106e-01  2.540578e-02    1.234211
2  2 -8.458280e-03  3.567061e-05    0.225752
3  3 -1.189018e-05  7.068790e-11    0.008446
4  4 -4.218591e-11  0.000000e+00    0.000012


Newton

{"funcion": "exp(x)-x-1", "x0": 1.0, "tol": 1e-07, "max_iter": 100}

     n            xn         f(xn)             e
0    0  1.000000e+00  7.182818e-01  1.000000e+02
1    1  5.819767e-01  2.075957e-01  4.180233e-01
2    2  3.190550e-01  5.677201e-02  2.629217e-01
3    3  1.679962e-01  1.493591e-02  1.510589e-01
4    4  8.634887e-02  3.837726e-03  8.164730e-02
5    5  4.379570e-02  9.731870e-04  4.255317e-02
6    6  2.205769e-02  2.450693e-04  2.173802e-02
7    7  1.106939e-02  6.149235e-05  1.098830e-02
8    8  5.544905e-03  1.540144e-05  5.524483e-03
9    9  2.775014e-03  3.853917e-06  2.769890e-03
10  10  1.388149e-03  9.639248e-07  1.386866e-03
11  11  6.942351e-04  2.410369e-07  6.939139e-04
12  12  3.471577e-04  6.026621e-08  3.470774e-04
13  13  1.735889e-04  1.506742e-08  1.735688e-04
14  14  8.679696e-05  3.766965e-09  8.679194e-05
15  15  4.339911e-05  9.417549e-10  4.339785e-05
16  16  2.169971e-05  2.354406e-10  2.169940e-05
17  17  1.084989e-05  5.886025e-11  1.084982e-05
18  18  5.424953e-06  1.471512e-11  5.424935e-06
19  19  2.712472e-06  3.678613e-12  2.712481e-06
20  20  1.356289e-06  9.197088e-13  1.356183e-06
21  21  6.781830e-07  2.300382e-13  6.781062e-07
22  22  3.389852e-07  5.750955e-14  3.391977e-07
23  23  1.693332e-07  1.443290e-14  1.696521e-07
24  24  8.409945e-08  3.552714e-15  8.523373e-08


Newton

{"funcion": "log(sin(x)**2 + 1) - (1/2)", "x0": 0.5, "tol": 1e-07, "max_iter": 100}

   n        xn         f(xn)             e
0  0  0.500000 -2.931087e-01  1.000000e+02
1  1  0.928392 -4.662157e-03  4.283920e-01
2  2  0.936367 -2.191262e-05  7.974751e-03
3  3  0.936405 -4.983391e-10  3.783875e-05
4  4  0.936405 -1.110223e-16  8.605719e-10


Biseccion

{"funcion": "log(sin(x)**2 + 1) - (1/2)", "a": 0.0, "b": 1.0, "tol": 1e-07, "max_iter": 100}

     n        xn                  f(xn)             e
0    0  0.500000     -0.293108726731377  1.000000e+02
1    1  0.750000     -0.118396393853478  2.500000e-01
2    2  0.875000    -0.0368176907573804  1.250000e-01
3    3  0.937500   0.000633916159238690  6.250000e-02
4    4  0.906250    -0.0177722892268611  3.125000e-02
5    5  0.921875   -0.00848658221176801  1.562500e-02
6    6  0.929688   -0.00390535862706409  7.812500e-03
7    7  0.933594   -0.00163043811700969  3.906250e-03
8    8  0.935547  -0.000496935315319524  1.953125e-03
9    9  0.936523    6.88224449626462e-5  9.765625e-04
10  10  0.936035  -0.000213973505164056  4.882812e-04
11  11  0.936279   -7.25547881205157e-5  2.441406e-04
12  12  0.936401   -1.86098490007058e-6  1.220703e-04
13  13  0.936462    3.34820268488301e-5  6.103516e-05
14  14  0.936432    1.58108451603356e-5  3.051758e-05
15  15  0.936417    6.97501117419286e-6  1.525879e-05
16  16  0.936409    2.55703339768765e-6  7.629395e-06
17  17  0.936405    3.48029313923526e-7  3.814697e-06
18  18  0.936403   -7.56476526753147e-7  1.907349e-06
19  19  0.936404   -2.04223289890226e-7  9.536743e-07
20  20  0.936405    7.19030912588181e-8  4.768372e-07
21  21  0.936404   -6.61600794704675e-8  2.384186e-07
22  22  0.936405    2.87151080691217e-9  1.192093e-07
23  23  0.936405   -3.16442830827768e-8  5.960464e-08


Biseccion

{"funcion": "log(sin(x)**2 + 1) - (1/2)", "a": 0.0, "b": 1.0, "tol": 1e-07, "max_iter": 100}

     n        xn                  f(xn)             e
0    0  0.500000     -0.293108726731377  1.000000e+02
1    1  0.750000     -0.118396393853478  2.500000e-01
2    2  0.875000    -0.0368176907573804  1.250000e-01
3    3  0.937500   0.000633916159238690  6.250000e-02
4    4  0.906250    -0.0177722892268611  3.125000e-02
5    5  0.921875   -0.00848658221176801  1.562500e-02
6    6  0.929688   -0.00390535862706409  7.812500e-03
7    7  0.933594   -0.00163043811700969  3.906250e-03
8    8  0.935547  -0.000496935315319524  1.953125e-03
9    9  0.936523    6.88224449626462e-5  9.765625e-04
10  10  0.936035  -0.000213973505164056  4.882812e-04
11  11  0.936279   -7.25547881205157e-5  2.441406e-04
12  12  0.936401   -1.86098490007058e-6  1.220703e-04
13  13  0.936462    3.34820268488301e-5  6.103516e-05
14  14  0.936432    1.58108451603356e-5  3.051758e-05
15  15  0.936417    6.97501117419286e-6  1.525879e-05
16  16  0.936409    2.55703339768765e-6  7.629395e-06
17  17  0.936405    3.48029313923526e-7  3.814697e-06
18  18  0.936403   -7.56476526753147e-7  1.907349e-06
19  19  0.936404   -2.04223289890226e-7  9.536743e-07
20  20  0.936405    7.19030912588181e-8  4.768372e-07
21  21  0.936404   -6.61600794704675e-8  2.384186e-07
22  22  0.936405    2.87151080691217e-9  1.192093e-07
23  23  0.936405   -3.16442830827768e-8  5.960464e-08


