Jacobi

5,51,5,10
7,8,9,11
0,45,6,1


   Iteración      Error                                          Solución
0          0  20.158333  [-9.200000000000001, -0.625, -7.333333333333333]


Jacobi

-1,4,4,4,4,4
4,4,4,4,4,44
4,4,4,4,4,4
4,4,4,4,4,4
44,4,4,4,4,4


    Iteración         Error                                                                                                                      Solución
0           0  6.865646e+01                                                                                             [60.0, -5.0, -15.0, -15.0, -55.0]
1           1  6.085485e+02                                                                                            [-364.0, 36.0, 16.0, 16.0, -624.0]
2           2  4.598124e+03                                                                                        [-2228.0, 967.0, 937.0, 937.0, 3937.0]
3           3  3.028080e+04                                                                                 [27108.0, -3572.0, -3612.0, -3612.0, 21668.0]
4           4  3.091124e+05                                                                            [43484.0, -41541.0, -41591.0, -41591.0, -287391.0]
5           5  1.694797e+06                                                                         [-1648460.0, 327100.0, 327040.0, 327040.0, -353600.0]
6           6  1.751956e+07                                                                      [2510316.0, 1347991.0, 1347921.0, 1347921.0, 17151881.0]
7           7  8.509697e+07                                                              [84782852.0, -22358028.0, -22358108.0, -22358108.0, -31657308.0]
8           8  8.558297e+08                                                              [-394926212.0, -8409317.0, -8409407.0, -8409407.0, -865537127.0]
9           9  5.415263e+09                                                       [-3563061036.0, 1277282164.0, 1277282064.0, 1277282064.0, 4369416464.0]
10         10  4.043572e+10                                                   [32805051020.0, -3360919545.0, -3360919655.0, -3360919655.0, 35361825105.0]
11         11  3.863772e+11                                             [101116264996.0, -61445036804.0, -61445036924.0, -61445036924.0, -350772802364.0]
12         12  2.246358e+12                                           [-2140431652068.0, 372546611227.0, 372546611097.0, 372546611097.0, -927943804303.0]
13         13  2.335729e+13                                         [758784116468.0, 2323282234188.0, 2323282234048.0, 2323282234048.0, 22427108339328.0]
14         14  1.175298e+14                               [117587820166444.0, -27832456923881.0, -27832456924031.0, -27832456924031.0, -15316471983431.0]
15         15  1.204668e+15                            [-395255371021500.0, -46606434334940.0, -46606434335100.0, -46606434335100.0, -1209968651058940.0]
16         16  6.429238e+15                         [-5399151816256324.0, 1698436890750651.0, 1698436890750481.0, 1698436890750481.0, 4487628384241641.0]
17         17  5.596878e+16                 [3.833175622597301e+16, -2485350349486268.0, -2485350349486448.0, -2485350349486448.0, 5.429535930656795e+16]
18         18  4.700637e+17      [1.8735723303243514e+17, -8.765641483356805e+16, -8.765641483356824e+16, -8.765641483356824e+16, -4.141932674372439e+17]
19         19  2.934740e+18        [-2.7086500477517937e+18, 4.021488640719452e+17, 4.021488640719451e+17, 4.021488640719451e+17, -1.797960318856082e+18]
20         20  3.038983e+19         [-2.366054906560986e+18, 3.702312638463985e+18, 3.702312638463985e+18, 3.702312638463985e+18, 2.8588703933053895e+19]
21         21  1.614976e+20      [1.5878256739378338e+20, -3.362727430342088e+19, -3.362727430342088e+19, -3.362727430342088e+19, 1.4919666056778891e+19]
22         22  1.664124e+21   [-3.43848627413935e+20, -1.0644768484372052e+20, -1.0644768484372052e+20, -1.0644768484372052e+20, -1.6457264184213546e+21]
23         23  8.129766e+21      [-7.860277891810064e+21, 2.2024704155227306e+21, 2.2024704155227306e+21, 2.2024704155227306e+21, 4.1016779560844463e+21]
24         24  7.929650e+22       [4.2836356810610554e+22, -6.463408953198426e+20, -6.463408953198431e+20, -6.463408953198426e+20, 7.985564556334252e+22]
25         25  5.577594e+23     [3.11666491509532e+23, -1.2139932058331339e+23, -1.2139932058331339e+23, -1.2139932058331339e+23, -4.692609022307565e+23]
26         26  3.860774e+24        [-3.333835455922787e+24, 4.003930518878513e+23, 4.003930518878513e+23, 4.003930518878513e+23, -3.0641334448549115e+24]
27         27  3.854596e+25            [-7.45181715676543e+24, 5.597182797001996e+24, 5.597182797001996e+24, 5.597182797001996e+24, 3.54710108594871e+25]
28         28  2.168185e+26    [2.0905023700197235e+26, -3.9213559296725666e+25, -3.9213559296725666e+25, -3.9213559296725666e+25, 6.517844033341374e+25]
29         29  2.247808e+27  [-2.0984895022705303e+26, -1.9580155874193475e+26, -1.9580155874193475e+26, -1.9580155874193475e+26, -2.181911929131519e+27]
30         30  1.103883e+28     [-1.1077266421429294e+28, 2.7833639968424416e+27, 2.7833639968424416e+27, 2.7833639968424416e+27, 2.8957431287233875e+27]
31         31  1.123856e+29       [4.498334047700285e+28, 2.6147952990210235e+27, 2.6147952990210235e+27, 2.6147952990210235e+27, 1.1349983864519491e+29]
32         32  6.549878e+29    [4.853768981690319e+29, -1.6371276972023983e+29, -1.6371276972023983e+29, -1.6371276972023983e+29, -5.026611311440944e+29]
33         33  5.237725e+30        [-3.9751977612192554e+30, 3.447097724155422e+29, 3.447097724155422e+29, 3.447097724155422e+29, -4.848007570698632e+30]
34         34  4.760429e+31         [-1.5255513013808022e+31, 8.133785787086803e+30, 8.133785787086803e+30, 8.133785787086803e+30, 4.269304605616518e+31]
35         35  2.849881e+32      [2.6837761366970237e+32, -4.370510461653077e+31, -4.370510461653077e+31, -4.370510461653077e+31, 1.4340928579062782e+32]
36         36  2.964649e+33    [4.917588776414207e+31, -3.2437669022726867e+32, -3.2437669022726867e+32, -3.2437669022726867e+32, -2.821038436517134e+33]
37         37  1.527534e+34          [-1.517667402879576e+34, 3.420615929207529e+33, 3.420615929207529e+33, 3.420615929207529e+33, 4.321953052762432e+32]
38         38  1.569835e+35          [4.277617237159532e+34, 7.903246865104458e+33, 7.903246865104457e+33, 7.903246865104458e+33, 1.5668156652913075e+35]
39         39  7.949052e+35    [7.215652284977764e+35, -2.1526423263093498e+35, -2.1526423263093498e+35, -2.1526423263093498e+35, -4.942476366828619e+35]
40         40  7.346518e+36     [-4.5601613383026675e+36, 2.0321087344695544e+35, 2.0321087344695544e+35, 2.0321087344695544e+35, -7.291424815582737e+36]
41         41  5.723340e+37       [-2.672716878096748e+37, 1.1445164406991492e+37, 1.1445164406991494e+37, 1.1445164406991492e+37, 4.955214210098848e+37]
42         42  3.722722e+38      [3.3555054128785183e+38, -4.571530213400398e+37, -4.571530213400397e+37, -4.571530213400398e+37, 2.5966336336966784e+38]
43         43  3.814171e+39       [4.900698278706236e+38, -5.037833003895117e+38, -5.037833003895117e+38, -5.037833003895117e+38, -3.553910047764358e+39]


Jacobi

1,2,3,10
4,5,6,11
7,8,9,12


    Iteración         Error                                                                     Solución
0           0  1.032559e+01                                              [10.0, 2.2, 1.3333333333333333]
1           1  1.604549e+01                [1.5999999999999996, -7.3999999999999995, -8.399999999999999]
2           2  5.392703e+01                                 [49.99999999999999, 11.0, 6.666666666666666]
3           3  1.134294e+02                                           [-32.0, -45.8, -47.33333333333332]
4           4  3.256016e+02                                [243.59999999999997, 84.6, 66.93333333333332]
5           5  7.754268e+02                            [-359.99999999999994, -273.0, -263.3333333333333]
6           6  2.074445e+03                                                       [1346.0, 606.2, 524.0]
7           7  5.172746e+03                                      [-2774.4, -1703.4, -1584.3999999999999]
8           8  1.346739e+04                                         [8170.0, 4123.0, 3673.3333333333335]
9           9  3.415533e+04                                    [-19256.0, -10941.8, -10017.999999999998]
10         10  8.802202e+04                  [51947.59999999999, 27428.600000000002, 24704.266666666663]
11         11  2.246406e+05                                    [-128960.0, -71201.0, -64783.33333333332]
12         12  5.767261e+05                            [336761.99999999994, 180910.2, 163593.3333333333]
13         13  1.475286e+06                [-852590.3999999999, -465719.39999999997, -422733.7333333333]
14         14  3.782188e+06                                   [2199650.0, 1189355.0, 1077099.9999999998]
15         15  9.683329e+06                        [-5609999.999999999, -3052237.8, -2768041.9999999995]
16         16  2.481208e+07                           [14408611.599999998, 7809652.6, 7076434.933333331]
17         17  6.354539e+07                       [-36848599.99999999, -20018609.0, -18148609.999999996]
18         18  1.627937e+08                  [94483057.99999999, 51257214.199999996, 46454342.666666664]
19         19  4.169753e+08              [-241877446.39999998, -131331655.39999999, -119048789.73333332]
20         20  1.068150e+09                               [619809690.0, 336360507.0, 304866153.33333325]
21         21  2.736051e+09                      [-1587319463.9999998, -861687133.8, -781061319.3333333]
22         22  7.008651e+09                 [4066558235.5999994, 2207129156.5999994, 2000525925.5999994]
23         23  1.795286e+10                [-10415836079.999996, -5653877696.999999, -5124771209.999999]
24         24  4.598746e+10                 [26682069033.999996, 14482394318.199997, 13126874905.333328]
25         25  1.177989e+11               [-68345413342.39998, -37097905111.399994, -33625959752.399994]
26         26  3.017487e+11                   [175073689489.99997, 95027482378.99998, 86133459366.66663]
27         27  7.729443e+11               [-448455342847.9999, -243419102829.79993, -220637298383.33325]
28         28  1.979939e+12                   [1148750100819.5996, 623529032340.5999, 565171135842.9331]
29         29  5.071716e+12               [-2942571472199.999, -1597205443664.9995, -1447720329383.3328]
30         30  1.299147e+13                   [7537571875489.997, 4091321573022.199, 3708404872747.9985]
31         31  3.327834e+13               [-19307857764278.395, -10480143347687.398, -9499286190288.396]
32         32  8.524423e+13                 [49458145266249.984, 26845429639770.992, 24332905681273.324]
33         33  2.183576e+14                [-126689576323351.95, -68766003030525.78, -62330050442433.97]
34         34  5.593345e+14                  [324522157388363.5, 176147721589604.53, 159661673167520.22]
35         35  1.432765e+15                [-831280462681759.8, -451211733711712.94, -408981874937263.2]
36         36  3.670103e+15                 [2129369092235225.5, 1155802620070126.0, 1047628567607337.0]
37         37  9.401162e+15              [-5454490942962253.0, -2960649554916983.0, -2683556067356397.0]
38         38  2.408157e+16             [1.3971967311903166e+16, 7583860035197481.0, 6874070337785738.0]
39         39  6.168622e+16    [-3.578993108375217e+16, -1.9426458254865416e+16, -1.760829460721133e+16]
40         40  1.580125e+17       [9.167780033136483e+16, 4.9761898395655336e+16, 4.510457595835427e+16]
41         41  4.047574e+17    [-2.348375246663735e+17, -1.2746773141511701e+17, -1.155377543871996e+17]
42         42  1.036807e+18        [6.015487259918328e+17, 3.265153249977384e+17, 2.959560582206167e+17]
43         43  2.655837e+18    [-1.5408988246573268e+18, -8.363862506582065e+17, -7.581070757694152e+17]
44         44  6.803067e+18        [3.9470937286246584e+18, 2.14244755064916e+18, 1.941931308651882e+18]
45         45  1.742642e+19    [-1.0110689027253965e+19, -5.487992553281986e+18, -4.974359611729543e+18]
46         46  4.463868e+19     [2.5899063941752603e+19, 1.4057782755878625e+19, 1.2742084846337071e+19]
47         47  1.143443e+20    [-6.634182005076846e+19, -3.6009752969006567e+19, -3.263952329325524e+19]
48         48  2.928991e+20       [1.6993807581777887e+20, 9.224088399252106e+19, 8.360786267860353e+19]
49         49  7.502765e+20   [-4.353053560208527e+20, -2.3627989586854733e+20, -2.1416595585162448e+20]
50         50  1.921873e+21       [1.1150576592919681e+21, 6.052434318386316e+20, 5.485974065660386e+20]
51         51  4.922979e+21    [-2.856279083375379e+21, -1.550363015312821e+21, -1.4052612299725364e+21]
52         52  1.261047e+22      [7.316509720543251e+21, 3.9713367426673473e+21, 3.5996508562366907e+21]
53         53  3.230238e+22    [-1.8741626054044767e+22, -1.017278880391863e+22, -9.220695776126837e+21]
54         54  8.274426e+22       [4.8007664936217775e+22, 2.6058135774588022e+22, 2.36192992010736e+22]
55         55  2.119538e+23    [-1.2297416915239685e+23, -6.674929099026255e+22, -6.050208230558095e+22]
56         56  5.429308e+23     [3.1500482889726795e+23, 1.7098183408861465e+23, 1.5497927910987536e+23]
57         57  1.390746e+24    [-8.069015055068554e+23, -4.3797899804966484e+23, -3.969876083321992e+23]
58         58  3.562469e+24     [2.0669208210959272e+24, 1.1219063344041234e+24, 1.0169047247717006e+24]
59         59  9.125454e+24   [-5.294526843123349e+24, -2.8738223266027825e+24, -2.6048551581004973e+24]
60         60  2.337533e+25         [1.3562210127507058e+25, 7.361447664219276e+24, 6.6724740571873e+24]
61         61  5.987715e+25   [-3.474031750000045e+25, -1.8856736970630408e+25, -1.7091894689589287e+25]
62         62  1.533785e+26        [8.898915801002867e+25, 4.830252762750751e+25, 4.378179091833849e+25]
63         63  3.928871e+26   [-2.279504280100305e+26, -1.2372947551002914e+26, -1.1214936967669563e+26]
64         64  1.006401e+27       [5.8390706005014515e+26, 3.169395860200592e+26, 2.872765333500496e+26]
65         65  2.577949e+27    [-1.4957087720902672e+27, -8.118574880601757e+26, -7.358740120568321e+26]
66         66  6.603553e+27      [3.831337012290848e+27, 2.0796158321404125e+27, 1.8849801454570304e+27]
67         67  1.691535e+28    [-9.814172100651916e+27, -5.327045784381115e+27, -4.8284761936843587e+27]
68         68  4.332956e+28      [2.5139520149815306e+28, 1.3645509112942764e+28, 1.236839677551248e+28]
69         69  1.109910e+29   [-6.439620855242297e+28, -3.4953692250467223e+28, -3.1682301550249915e+28]
70         70  2.843092e+29        [1.649542891516842e+29, 8.953572870223828e+28, 8.115588865229982e+28]
71         71  7.282730e+29   [-4.2253912336137605e+29, -2.2935049770410716e+29, -2.078850948532995e+29]
72         72  1.865510e+30       [1.0823562799681128e+30, 5.874934125130603e+29, 5.325086494624988e+29]
73         73  4.778602e+30   [-2.7725127734136173e+30, -1.504895403329489e+30, -1.3640490288756967e+30]
74         74  1.224064e+31       [7.101937893286067e+30, 3.8548690533817304e+30, 3.494083626725692e+30]
75         75  3.135505e+31    [-1.8191988986940537e+31, -9.874450666699686e+30, -8.950279742228478e+30]
76         76  8.031762e+31       [4.659974056008481e+31, 2.529392688022661e+31, 2.2926614249131247e+31]
77         77  2.057378e+32    [-1.1936769650784695e+32, -6.479172954702535e+31, -5.872773321804516e+31]
78         78  5.270083e+32      [3.057666587481862e+32, 1.6596743706793176e+32, 1.5043419021457015e+32]
79         79  1.349960e+33      [-7.83237444779574e+32, -4.251343552560332e+32, -3.853451230867508e+32]
80         80  3.457993e+33      [2.0063040797723187e+33, 1.0890041035277601e+33, 9.870818839450313e+32]
81         81  8.857831e+33  [-5.1392538588906145e+33, -2.7895415245518927e+33, -2.5284623762920344e+33]
82         82  2.268980e+34        [1.3164470177979888e+34, 7.145557938662933e+33, 6.47678991207216e+33]
83         83  5.812112e+34  [-3.3721485613542346e+34, -1.8303724036870504e+34, -1.6590639417240296e+34]
84         84  1.488803e+35         [8.63793663254619e+34, 4.688595579152224e+34, 4.249779906552893e+34]
85         85  3.813648e+35   [-2.212653087796313e+35, -1.2010085193900425e+35, -1.0886035673449012e+35]
86         86  9.768861e+35        [5.667827740814789e+35, 3.076446751050932e+35, 2.788515529966059e+35]
87         87  2.502345e+36     [-1.451844009200004e+36, -7.880480828611102e+35, -7.142929799345663e+35]
88         88  6.409890e+36       [3.718975105525919e+36, 2.018626783281483e+36, 1.8296991919209899e+36]
89         89  1.641927e+37    [-9.526351142325936e+36, -5.1708191147259233e+36, -4.686871111659255e+36]
90         90  4.205883e+37     [2.4402251564429613e+37, 1.3245326247851855e+37, 1.2005667879343214e+37]
91         91  1.077359e+38    [-6.250765613373335e+37, -3.392860270675555e+37, -3.0753152325980235e+37]
92         92  2.759712e+38       [1.6011666239145181e+38, 8.690990769816298e+37, 7.877582384335308e+37]
93         93  7.069149e+38   [-4.101472869263852e+38, -2.2262431852518515e+38, -2.0178843314727404e+38]
94         94  1.810800e+39       [1.0506139364921925e+39, 5.70263949317837e+38, 5.1689172852068636e+38]
95         95  4.638460e+39   [-2.691203084197733e+39, -1.4607612234185777e+39, -1.3240454611097825e+39]
96         96  1.188166e+40      [6.893658830166503e+39, 3.7418170206899254e+39, 3.3916123751925275e+39]
97         97  3.043550e+40    [-1.7658471166957434e+40, -9.584861914364236e+39, -8.687794219631657e+39]
98         98  7.796213e+40       [4.523310648762344e+40, 2.4552129997123937e+40, 2.225424372040177e+40]
99         99  1.997041e+41    [-1.1586699115545318e+41, -6.289157765458088e+40, -5.700542059892839e+40]


Jacobi

3,3,3,3
3,3,3,33
3,3,33,3


    Iteración        Error                                                         Solución
0           0    42.554300                                 [-35.0, 5.0, -3.181818181818182]
1           1    50.185748     [-0.8181818181818179, 49.18181818181818, 2.8181818181818183]
2           2    57.650579                                 [-51.0, 9.0, -4.305785123966942]
3           3    66.539693       [-3.694214876033058, 66.30578512396694, 3.909090909090909]
4           4    76.816812     [-69.21487603305785, 10.785123966942148, -5.601051840721262]
5           5    88.737222       [-4.184072126220886, 85.81592787377912, 5.402704733283246]
6           6   102.549850      [-90.21863260706236, 9.78136739293764, -7.3301687043234764]
7           7   118.550435     [-1.4511986886141628, 108.54880131138583, 7.403387746738611]
8           8   137.080327      [-114.95218905812445, 5.047810941875552, -9.64523660207015]
9           9   158.534974       [5.597425660194599, 135.5974256601946, 10.082216192386264]
10         10   183.372184   [-144.67964185258086, -4.679641852580863, -12.744986483671745]
11         11   212.121928        [18.42462833625261, 168.4246283362526, 13.66902579137834]
12         12   245.397649   [-181.09365412763094, -21.09365412763095, -16.895386970227747]
13         13   283.909356       [38.989041097858696, 208.9890410978587, 18.47157347775108]
14         14   328.478773    [-226.46061457560978, -46.460614575609775, -22.4525529268834]
15         15   380.056872        [69.91316750249317, 259.9131675024932, 24.90192992283814]
16         16   439.744169     [-283.8150974253313, -83.8150974253313, -29.893303182271488]
17         17   508.814203      [114.70840060760278, 324.7084006076028, 33.511835895514785]
18         18   588.740709    [-357.2202365031176, -137.22023650311758, -39.85607283774596]
19         19   681.229065      [178.07630934086353, 408.07630934086353, 45.04004300056684]
20         20   788.252678  [-452.11635234143034, -212.11635234143037, -53.195692607429734]
21         21   912.095091       [266.3120449488601, 516.3120449488601, 60.475700425714614]
22         22  1055.398708      [-575.7877453745748, -315.7877453745747, -71.0567354452473]
23         23  1221.221171       [387.84448081982197, 657.8444808198221, 81.14322643174087]
24         24  1413.100603       [-737.987707251563, -457.9877072515628, -94.9717237854222]
25         25  1635.131101        [553.959431036985, 843.9594310369853, 108.81594677301145]
26         26  1892.050087     [-951.7753778099967, -651.7753778099965, -126.9926238249064]
27         27  2189.339395      [779.7680016349029, 1089.7680016349032, 145.86825051090847]
28         28  2533.342230    [-1234.6362521458116, -914.6362521458113, -169.8669093881642]
29         29  2931.398519     [1085.5031615339756, 1415.5031615339758, 195.47931857196573]
30         30  3392.001514  [-1609.9824801059415, -1269.9824801059412, -227.27330209708649]
31         31  3924.979015       [1498.2557822030278, 1848.255782203028, 261.9059054738075]
32         32  4541.703065   [-2109.1616876768358, -1749.1616876768353, -304.1374149460051]


Jacobi

1,2,1
23,4,2


    Iteración         Error                        Solución
0           0  1.000000e+00                      [1.0, 0.5]
1           1  5.750000e+00                    [0.0, -5.25]
2           2  1.150000e+01                     [11.5, 0.5]
3           3  6.612500e+01                  [0.0, -65.625]
4           4  1.322500e+02                   [132.25, 0.5]
5           5  7.604375e+02                [0.0, -759.9375]
6           6  1.520875e+03                 [1520.875, 0.5]
7           7  8.745031e+03              [0.0, -8744.53125]
8           8  1.749006e+04               [17490.0625, 0.5]
9           9  1.005679e+05           [0.0, -100567.359375]
10         10  2.011357e+05             [201135.71875, 0.5]
11         11  1.156530e+06         [0.0, -1156529.8828125]
12         12  2.313061e+06           [2313060.765625, 0.5]
13         13  1.330010e+07       [0.0, -13300098.90234375]
14         14  2.660020e+07         [26600198.8046875, 0.5]
15         15  1.529511e+08      [0.0, -152951142.62695312]
16         16  3.059023e+08       [305902286.25390625, 0.5]
17         17  1.758938e+09       [0.0, -1758938145.459961]
18         18  3.517876e+09        [3517876291.919922, 0.5]
19         19  2.022779e+10       [0.0, -20227788678.03955]
20         20  4.045558e+10         [40455577357.0791, 0.5]
21         21  2.326196e+11      [0.0, -232619569802.70483]
22         22  4.652391e+11       [465239139606.40967, 0.5]
23         23  2.675125e+12      [0.0, -2675125052736.3555]
24         24  5.350250e+12        [5350250105473.711, 0.5]
25         25  3.076394e+13      [0.0, -30763938106473.336]
26         26  6.152788e+13        [61527876212947.67, 0.5]
27         27  3.537853e+14       [0.0, -353785288224448.6]
28         28  7.075706e+14        [707570576448898.2, 0.5]
29         29  4.068531e+15      [0.0, -4068530814581164.5]
30         30  8.137062e+15       [8137061629162330.0, 0.5]
31         31  4.678810e+16    [0.0, -4.67881043676834e+16]
32         32  9.357621e+16     [9.35762087353668e+16, 0.5]
33         33  5.380632e+17   [0.0, -5.380632002283591e+17]
34         34  1.076126e+18   [1.0761264004567182e+18, 0.5]
35         35  6.187727e+18    [0.0, -6.18772680262613e+18]
36         36  1.237545e+19    [1.237545360525226e+19, 0.5]
37         37  7.115886e+19   [0.0, -7.115885823020049e+19]
38         38  1.423177e+20   [1.4231771646040098e+20, 0.5]
39         39  8.183269e+20   [0.0, -8.183268696473056e+20]
40         40  1.636654e+21   [1.6366537392946112e+21, 0.5]
41         41  9.410759e+21   [0.0, -9.410759000944014e+21]
42         42  1.882152e+22   [1.8821518001888029e+22, 0.5]
43         43  1.082237e+23  [0.0, -1.0822372851085616e+23]
44         44  2.164475e+23   [2.1644745702171232e+23, 0.5]
45         45  1.244573e+24   [0.0, -1.244572877874846e+24]
46         46  2.489146e+24    [2.489145755749692e+24, 0.5]
47         47  1.431259e+25  [0.0, -1.4312588095560728e+25]
48         48  2.862518e+25   [2.8625176191121457e+25, 0.5]
49         49  1.645948e+26  [0.0, -1.6459476309894836e+26]
50         50  3.291895e+26    [3.291895261978967e+26, 0.5]
51         51  1.892840e+27   [0.0, -1.892839775637906e+27]
52         52  3.785680e+27    [3.785679551275812e+27, 0.5]
53         53  2.176766e+28   [0.0, -2.176765741983592e+28]
54         54  4.353531e+28    [4.353531483967184e+28, 0.5]
55         55  2.503281e+29   [0.0, -2.503280603281131e+29]
56         56  5.006561e+29    [5.006561206562262e+29, 0.5]
57         57  2.878773e+30  [0.0, -2.8787726937733004e+30]
58         58  5.757545e+30    [5.757545387546601e+30, 0.5]
59         59  3.310589e+31  [0.0, -3.3105885978392954e+31]
60         60  6.621177e+31    [6.621177195678591e+31, 0.5]
61         61  3.807177e+32  [0.0, -3.8071768875151896e+32]
62         62  7.614354e+32    [7.614353775030379e+32, 0.5]
63         63  4.378253e+33   [0.0, -4.378253420642468e+33]
64         64  8.756507e+33    [8.756506841284936e+33, 0.5]
65         65  5.034991e+34   [0.0, -5.034991433738838e+34]
66         66  1.006998e+35   [1.0069982867477676e+35, 0.5]
67         67  5.790240e+35  [0.0, -5.7902401487996635e+35]
68         68  1.158048e+36   [1.1580480297599327e+36, 0.5]
69         69  6.658776e+36   [0.0, -6.658776171119613e+36]
70         70  1.331755e+37   [1.3317552342239226e+37, 0.5]
71         71  7.657593e+37   [0.0, -7.657592596787555e+37]
72         72  1.531519e+38    [1.531518519357511e+38, 0.5]
73         73  8.806231e+38   [0.0, -8.806231486305688e+38]
74         74  1.761246e+39   [1.7612462972611377e+39, 0.5]
75         75  1.012717e+40  [0.0, -1.0127166209251542e+40]
76         76  2.025433e+40   [2.0254332418503085e+40, 0.5]
77         77  1.164624e+41  [0.0, -1.1646241140639273e+41]
78         78  2.329248e+41   [2.3292482281278546e+41, 0.5]
79         79  1.339318e+42  [0.0, -1.3393177311735164e+42]
80         80  2.678635e+42    [2.678635462347033e+42, 0.5]
81         81  1.540215e+43  [0.0, -1.5402153908495438e+43]
82         82  3.080431e+43   [3.0804307816990877e+43, 0.5]
83         83  1.771248e+44  [0.0, -1.7712476994769755e+44]
84         84  3.542495e+44    [3.542495398953951e+44, 0.5]
85         85  2.036935e+45  [0.0, -2.0369348543985218e+45]
86         86  4.073870e+45   [4.0738697087970435e+45, 0.5]
87         87  2.342475e+46     [0.0, -2.3424750825583e+46]
88         88  4.684950e+46      [4.6849501651166e+46, 0.5]
89         89  2.693846e+47  [0.0, -2.6938463449420447e+47]
90         90  5.387693e+47    [5.387692689884089e+47, 0.5]
91         91  3.097923e+48   [0.0, -3.097923296683351e+48]
92         92  6.195847e+48    [6.195846593366702e+48, 0.5]
93         93  3.562612e+49  [0.0, -3.5626117911858537e+49]
94         94  7.125224e+49    [7.125223582371707e+49, 0.5]
95         95  4.097004e+50   [0.0, -4.097003559863732e+50]
96         96  8.194007e+50    [8.194007119727463e+50, 0.5]
97         97  4.711554e+51  [0.0, -4.7115540938432914e+51]
98         98  9.423108e+51    [9.423108187686583e+51, 0.5]
99         99  5.418287e+52   [0.0, -5.418287207919785e+52]


Jacobi

1,1,2
1,12,3


    Iteración         Error                                   Solución
0           0  5.000000e+00                                [-1.0, 0.0]
1           1  3.018462e+00                  [2.0, 0.3333333333333333]
2           2  4.166667e-01  [1.6666666666666667, 0.08333333333333334]
3           3  2.515385e-01   [1.9166666666666667, 0.1111111111111111]
4           4  3.472222e-02  [1.8888888888888888, 0.09027777777777779]
5           5  2.096154e-02  [1.9097222222222223, 0.09259259259259262]
6           6  2.893519e-03  [1.9074074074074074, 0.09085648148148148]
7           7  1.746795e-03   [1.9091435185185186, 0.0910493827160494]
8           8  2.411265e-04  [1.9089506172839505, 0.09090470679012347]
9           9  1.455662e-04  [1.9090952932098766, 0.09092078189300412]
10         10  2.009388e-05  [1.9090792181069958, 0.09090872556584362]
11         11  1.213052e-05  [1.9090912744341564, 0.09091006515775035]
12         12  1.674490e-06   [1.9090899348422496, 0.0909090604638203]
13         13  1.010877e-06   [1.9090909395361797, 0.0909091720964792]
14         14  1.395408e-07  [1.9090908279035208, 0.09090908837198503]
15         15  8.423973e-08   [1.909090911628015, 0.09090909767470662]


Jacobi

1,1,2
1,12,3


    Iteración         Error                                   Solución
0           0  5.000000e+00                                [-1.0, 0.0]
1           1  3.018462e+00                  [2.0, 0.3333333333333333]
2           2  4.166667e-01  [1.6666666666666667, 0.08333333333333334]
3           3  2.515385e-01   [1.9166666666666667, 0.1111111111111111]
4           4  3.472222e-02  [1.8888888888888888, 0.09027777777777779]
5           5  2.096154e-02  [1.9097222222222223, 0.09259259259259262]
6           6  2.893519e-03  [1.9074074074074074, 0.09085648148148148]
7           7  1.746795e-03   [1.9091435185185186, 0.0910493827160494]
8           8  2.411265e-04  [1.9089506172839505, 0.09090470679012347]
9           9  1.455662e-04  [1.9090952932098766, 0.09092078189300412]
10         10  2.009388e-05  [1.9090792181069958, 0.09090872556584362]
11         11  1.213052e-05  [1.9090912744341564, 0.09091006515775035]
12         12  1.674490e-06   [1.9090899348422496, 0.0909090604638203]
13         13  1.010877e-06   [1.9090909395361797, 0.0909091720964792]
14         14  1.395408e-07  [1.9090908279035208, 0.09090908837198503]
15         15  8.423973e-08   [1.909090911628015, 0.09090909767470662]


